00000000110001010000000000101000
00000000100000100000000000100100
00000000100000110000000000100101
00000000100001000000000000100001
00000000100001100000000000100011
00000000100001110000000000100010
00000000000000000000000000000001
00000000010111000000000000000101
00000000011011010000000000000101
00000001000001010000000000000001
00000000000100010000000000000001
00000000000100100000000000000010
00000000001001000000000000000100
00000000001101110000000000000111
00000001000001110000000000000010
00000001000000001111111111110111
00000001110000000000000000000000
00000000100001010000000000101000
00000000100000100000000000100110
00000000000010100000000000000001
00000000100000110000000000100001
00000000000111010000000000000101
00000000111010010000000000101000
00000000100000100000000000100101
00000000000100110000000000000010
00000000110000100000000000100101
00000000100000110000000000100100
00000000100001000000000000100111
00000000100001110000000000100001
00000000001001110000000000000100
00000001000101000000000000000001
00000001010000010000000000000000
00000001100000000000000000000000
00000000000000000000000000000001
00000000000000000000000000001111
11111111111111111111111111111111
00000000000000000000000000000010
00000000000000000000000000000001
00000000000000000000000000000011
00000000000000000000000000000011
00000000000000000000000000000000
00000000000000000000000000000000
00000000000000000000000000000000
00000000000000000000000000000000
00000000000000000000000000000000
00000000000000000000000000000000
00000000000000000000000000000000
00000000000000000000000000000000
00000000000000000000000000000000
00000000000000000000000000000000
00000000000000000000000000000000
